0
0
1040320
2088896
3137472
4186048
5234624
6283200
7331776
8380352
9428928
10477504
11526080
12574656
13623232
14671808
15720384
16768960
17817536
18866112
19914688
20963264
22011840
23060416
24108992
25157568
26206144
27254720
28303296
29351872
30400448
31449024
32497600
33546176
34594752
35643328
36691904
37740480
38789056
39837632
40886208
41934784
42983360
44031936
45080512
46129088
47177664
48226240
49274816
50323392
51371968
52420544
53469120
54517696
55566272
56614848
57663424
58712000
59760576
60809152
61857728
62906304
63954880
65003456
66052032
67100608
68149184
69197760
70246336
71294912
72343488
73392064
74440640
75489216
76537792
77586368
78634944
79683520
80732096
81780672
82829248
83877824
84926400
85974976
87023552
88072128
89120704
90169280
91217856
92266432
93315008
94363584
95412160
96460736
97509312
98557888
99606464
100655040
101703616
102752192
103800768
104849344
105897920
106946496
107995072
109043648
110092224
111140800
112189376
113237952
114286528
115335104
116383680
117432256
118480832
119529408
120577984
121626560
122675136
123723712
124772288
125820864
126869440
127918016
128966592
130015168
131063744
132112320
133160896
134209472
134217664
134217664
134217664
134217664
134217664
134217664
134217664
134217664
134217664
134217664
134217664
134217664
134217664
134217664
134217664
134217664
134217664
134217664
134217664
134217664
134217664
134217664
134217664
134217664
134217664
134217664
134217664
134217664
134217664
134217664
134217664
134217664
134217664
134217664
134217664
134217664
134217664
134217664
134217664
134217664
134217664
134217664
134217664
134217664
134217664
134217664
134217664
134217664
134217664
134217664
134217664
134217664
134217664
134217664
134217664
134217664
134217664
134217664
134217664
134217664
134217664
134217664
134217664
134217664
